413.14
400.46
401.27
400.03
402.69
410.14
414.13
411.8
411.3
425.94
422.4
425.93
426.77
428.01
425.71
421.77
418.08
419.12
433.44
434.74
426.22
433.53
422.06
418.05
421.58
421.95
426.58
425.09
427.29
421.5
424.48
424.72
421.85
417.15
420.76
428.01
433.65
459
446.27
446.37
448.35
447.23
449.99
449.59
447.24
447.37
445.01
443.9
452.58
452.48
443.66
441.22
442.79
444.9
451.72
455.87
458.42
465.11
483
492.13
496.88
493.92
497.26
505.86
482.86
493.2
501.98
498.45
506.83
504.52
495.31
488.02
486.65
482.05
481.66
473.55
471.28
481.16
487.71
494.77
499.07
527.13
529.27
516.42
512.7
514.33
522.38
517.23
516.67
517.26
518.65
510.24
510.71
517.68
513.3
513.03
516.08
513.72
511.92
502.13
502.16
509.08
510.01
509.1
508.58
522.98
520.98
517.1
513.69
513.55
526.55
527.95
531.4
528.75
521.41
532.16
533.64
525
521.83
533.42
527.87
519.37
515.99
516.33
505.35
492.61
497.33
493.73
500.33
477.83
477.99
473.09
491.48
483.03
489.85
473.27
409.04
404.17
415.55
422.94
424.73
425.17
417.45
428.13
429.15
428.7
426.64
429
429.22
428.98
427.57
437.61
438.4
444.9
441.3
442.24
444.58
442.91
432.84
427.06
427.7
416.23
425.28
424.48
418.41
416.09
412.96
414.21
403.55
405.53
410.26
408.49
420.16
416.77
407.97
405.84
402.52
408.97
412.44
409.02
411.71
414.42
420.7
426.54
425.92
432.35
429.03
430.14
430.66
423.2
420.89
425.31
410
411.15
413.2
408.75
429.67
428.08
428.08
428.36
429.38
428.85
431.29
426.78
422.7
415.11
413.81
417.24
410.02
413.73
425.83
429.98
428
441.95
448.44
459.73
446.87
440.6
439.55
435.97
430.43
444.9
439.8
438.97
445.85
453.35
469.18
472.91
472.34
476.19
466.18
462.22
466.86
465.41
459.59
457.74
454.16
457.35
464.89
453.17
447.72
446.74
430.71
427.64
426.18
426.54
431
432.62
429.62
420.72
419.76
